3,2
3,1
3,3
10,241
10,101
10,309
10,293
10,277
10,93
10,2
10,3
11,17
11,9
9,7
9,3
8,13
8,18
8,8
8,16
8,15
8,2
8,3
79,3
79,2
79,1
79,0
78,3
78,2
78,1
78,0
48,4
48,3
48,2
48,1
48,0
45,5
45,4
45,3
45,2
45,1
45,0
44,4
44,3
44,2
44,1
44,0
42,5
42,4
42,3
42,2
42,1
42,0
39,5
39,4
39,3
39,2
39,1
39,0
37,5
37,4
37,3
37,2
37,1
37,0
35,3
35,1
33,4
33,3
33,1
28,3
28,1
25,3
25,1
20,3
20,2
20,1
19,3
19,2
19,1
18,1
17,3
17,2
18,3
17,1
16,3
16,2
16,1
14,1
12,3
14,3
12,2
12,1
13,1
11,29
11,28
11,27
11,26
13,3
11,25
11,24
11,13
11,7
11,1
11,5
11,3
11,2
10,281
10,269
10,201
